- linear_accelX: -0.05445063066047927
- linear_accelY: -0.24034542792166272
- linear_accelZ: -9.857586858669917
- angular_velX: -0.26149749755859375
- angular_velY: -2.0055135091145835
- angular_velZ: -2.8421401977539062
